-5.889565114348442876e-01 9.999636382742312923e-01
-5.886338667796735535e-01 1.000005021070300204e+00
-5.848085586831075489e-01 9.999588509218133581e-01
-5.775069292985790526e-01 9.999942946757306439e-01
-5.685222156762392842e-01 1.000025194802233175e+00
-5.643745246261460125e-01 9.999059728195007768e-01
-5.480879199176342809e-01 9.999140248945147524e-01
-5.477676804030124913e-01 1.000051859690604950e+00
-5.439406903378767311e-01 1.000032834805159032e+00
-5.366410781980448519e-01 9.999667590127488959e-01
-5.273345874475126038e-01 1.000009249036800663e+00
-5.235067559324306785e-01 9.999146183903928620e-01
-5.162080024720125948e-01 9.999508810536057446e-01
-5.072193288660855615e-01 1.000023136369321275e+00
-5.069013948404972325e-01 9.999452862136617437e-01
-5.030727214098078548e-01 9.999495687120596443e-01
-4.957751269803338801e-01 1.000025778876677540e+00
-4.867849334559650742e-01 9.999586956651137504e-01
-4.864684020021741162e-01 1.000063118516227645e+00
-4.826388861902159988e-01 9.999532542746031316e-01
-4.753420507886403357e-01 1.000011372464371551e+00
-4.663507382801981294e-01 1.000021392755762406e+00
-4.660353099779968034e-01 1.000064549946805270e+00
-4.622049513191086589e-01 9.999920358853255919e-01
-4.459164429872544133e-01 9.999972132431835803e-01
-4.456022179538194905e-01 1.000043390914635122e+00
-4.417709158651632606e-01 1.000010288169852046e+00
-4.344761987567835604e-01 9.999417002925085063e-01
-4.254821476943106973e-01 1.000036565937376221e+00
-4.251691259296421777e-01 1.000079459717249541e+00
-4.213370801799101173e-01 1.000025980404105841e+00
-4.140431220994287287e-01 1.000026434293093347e+00
-4.050478524013669812e-01 9.999351669430345257e-01
-4.047360339054648648e-01 1.000073436506358382e+00
-4.009031443774802028e-01 1.000006748698237358e+00
-3.936101455592506682e-01 1.000037152783717742e+00
-3.846135575740845525e-01 1.000013764187958065e+00
-3.843029423469488393e-01 1.000079310123112242e+00
-3.804692085750502883e-01 1.000109366386779275e+00
-3.731772686705880915e-01 1.000065878416489529e+00
-3.641793623983176076e-01 9.999797780860467666e-01
-3.638698507884328137e-01 1.000100818733522079e+00
-3.600352718412977993e-01 1.000013873975666323e+00
-3.434366595784013043e-01 1.000057282437492701e+00
-3.396013355732065975e-01 1.000031058124486005e+00
-3.323112150073939119e-01 1.000101727421880193e+00
-3.233106721609146916e-01 9.999817644070336797e-01
-3.230036686027233372e-01 9.999664573649282850e-01
-3.191673988394541084e-01 1.000043468108930300e+00
-3.118781378843777929e-01 9.999520785952703550e-01
-3.028763773336322629e-01 9.999836900738731105e-01
-2.987333619885248481e-01 1.000095151983346975e+00
-2.914452605300539290e-01 9.999100484698996150e-01
-2.824420825063498341e-01 9.999824854783826433e-01
-2.821373867654983769e-01 9.998437871129913779e-01
-2.710122830585532938e-01 9.999503312686190970e-01
-2.620077881447286927e-01 1.000055978838158444e+00
-2.617042966039662133e-01 1.000021034582281310e+00
-2.578655872412127792e-01 1.000071976240267890e+00
-2.505792054698758875e-01 9.999381639905854380e-01
-2.415734933174462640e-01 1.000053929454582269e+00
-2.412713065596108208e-01 9.999890215888708189e-01
-2.374315494589609443e-01 1.000050737013111979e+00
-2.301463276498907362e-01 9.999632574856369693e-01
-2.211392986073406064e-01 9.999278278522432117e-01
-2.208381158152405987e-01 1.000018405621591944e+00
-2.169977114454013645e-01 1.000076051544715128e+00
-2.097133497127288138e-01 9.999103018454034153e-01
-2.007049041285426938e-01 1.000108060202297144e+00
-2.004050261193697224e-01 1.000017597000347758e+00
-1.965637733146650135e-01 1.000098559046724844e+00
-1.892802711927288328e-01 1.000033626344634108e+00
-1.802706097669215524e-01 9.999240425079811700e-01
-1.799720365406756173e-01 9.999776646079668874e-01
-1.761297350667518913e-01 9.999819390364447225e-01
-1.688472932555669104e-01 1.000035867163146630e+00
-1.598364150568158948e-01 9.999033914968238346e-01
-1.595388467276279698e-01 9.999465929250952456e-01
-1.556958965875310241e-01 1.000033282497851950e+00
-1.484144145042591845e-01 9.999788492989213351e-01
-1.394020210436792695e-01 9.997754561016874986e-01
-1.391057574974183808e-01 9.998352726579909922e-01
-1.352619575254720985e-01 9.997331785292745687e-01
-1.279813359842592035e-01 9.996620625576664310e-01
-1.189677266820581281e-01 9.995731297307877128e-01
-1.186725681500320206e-01 9.995778613186215855e-01
-1.148279183462364017e-01 9.995980546253098176e-01
-1.075483575814359938e-01 9.996580668524797098e-01
-9.853353243761375779e-02 9.995098485998993310e-01
-9.823957950266049011e-02 9.995490516560039396e-01
-9.439407940135424724e-02 9.994912794743369133e-01
-8.711537871295149671e-02 9.995970472346908942e-01
-7.809923807599261636e-02 9.995773850329101595e-01
-7.780649027245090110e-02 9.995685445739252994e-01
-7.396013987363403430e-02 9.995007077612050317e-01
-6.668239937880571233e-02 9.995712556192941634e-01
-5.766484406285599107e-02 9.995010232192486077e-01
-5.737330185638711555e-02 9.995012674354022408e-01
-5.352610209138219943e-02 9.995228934431945600e-01
-4.624942004465992795e-02 9.995192246974686778e-01
-3.723055016689613694e-02 9.994943374475588893e-01
-3.694031320901558502e-02 9.996097152735932134e-01
-3.309216209800069919e-02 9.994761492022877780e-01
-2.581644071051414357e-02 9.995245458602040056e-01
-1.679635638811305398e-02 9.995782140381667125e-01
-1.650722491012857063e-02 9.995672146207744690e-01
-1.265832175613468280e-02 9.993482701705258542e-01
-5.383461376368359197e-03 9.995436843107224911e-01
3.638037625023571309e-03 9.995579875997876451e-01
7.775618702908104751e-03 9.995558217384928890e-01
1.504951842343871249e-02 9.994987345634670506e-01
2.407233152098342543e-02 9.995689482993788122e-01
2.435895122198417084e-02 9.994546045072675300e-01
2.820965927912766347e-02 9.995730264626668804e-01
3.548249822324578417e-02 9.995317536349901388e-01
4.450652529976650840e-02 9.995060940574114206e-01
4.479203858954861062e-02 9.996057895428597240e-01
4.864350008665496716e-02 9.994447737136363807e-01
5.591547802305285586e-02 9.995078470277436455e-01
6.494081919572636252e-02 9.994995022670577489e-01
6.522522607428982155e-02 9.994230707347231402e-01
6.907744147702032933e-02 9.994465322871395330e-01
7.634845828852121485e-02 9.995290890049142174e-01
8.537521274320170050e-02 9.994942269931498258e-01
8.565821332467749016e-02 9.996018153064745171e-01
8.951148251890117535e-02 9.995386087155578858e-01
9.678143855398957385e-02 9.995693612812664997e-01
1.060913006922419299e-01 9.996455976471696481e-01
1.099453242577510537e-01 9.995796188542344085e-01
1.172144188194579328e-01 9.994556692253949715e-01
1.262436994866220630e-01 9.994789689622549655e-01
1.265244877113218536e-01 9.996737224663764243e-01
1.303792661137777031e-01 9.997039089362670383e-01
1.376474996677643503e-01 9.998524224030110874e-01
1.469574744960482349e-01 9.999256743195170660e-01
1.580803802817172254e-01 1.000071305062210536e+00
1.671122863472191966e-01 1.000038998278307334e+00
1.673906610494668712e-01 1.000108145219725131e+00
1.712471502914922894e-01 9.999356842397505440e-01
1.785133614785081591e-01 1.000018718229176429e+00
1.875465797775177634e-01 1.000092596511130028e+00
1.878237474857087363e-01 1.000074419520942115e+00
1.916810930788415135e-01 1.000055015525534330e+00
1.989464423268145765e-01 9.999833780011536666e-01
2.079808732078163303e-01 9.999605488290559396e-01
2.082568334562893142e-01 1.000005349961393009e+00
2.121150354005294503e-01 9.999765252109246161e-01
2.193793234064287390e-01 9.999912918401885342e-01
2.284151661724536098e-01 9.999755651224383479e-01
2.286899194268698920e-01 9.999969614902519677e-01
2.325489786535399617e-01 9.999747872200029919e-01
2.398123050688809599e-01 9.999766149351098088e-01
2.488494591370908893e-01 1.000020295440684048e+00
2.491230053974504699e-01 9.999632788120528248e-01
2.529829219065504731e-01 9.999570350818406395e-01
2.602453863828486647e-01 9.999361505500293790e-01
2.692837521017281688e-01 1.000024678947544876e+00
2.695559912508542766e-01 9.999643259766544112e-01
2.734168651595609845e-01 9.999115506991018698e-01
2.806782683937854017e-01 9.999636101633475604e-01
2.897179454148499644e-01 9.999934792241436110e-01
2.899891768729503383e-01 1.000041641632462674e+00
2.938508088782327832e-01 9.998822789198065220e-01
3.011112500562376226e-01 1.000115761009757964e+00
3.101523384966640151e-01 9.999714675920089446e-01
3.104222619122083415e-01 9.999251454013323714e-01
3.142847525969045819e-01 9.999274064996523936e-01
3.215443323015279020e-01 9.999955519302268225e-01
3.305866309956400073e-01 9.999721772635689065e-01
3.347185966640608967e-01 9.999220084171989154e-01
3.419772143124646391e-01 9.999696230296248878e-01
3.510208238431005157e-01 9.999665413532501379e-01
3.551526409655707539e-01 1.000054593029721550e+00
3.624102965577549185e-01 1.000030639414827949e+00
3.714552164592532790e-01 9.999430093712663448e-01
3.755865856155651272e-01 9.999683832206844869e-01
3.828432791515297140e-01 9.999511436642658513e-01
3.918895094238905585e-01 1.000019100183609844e+00
3.921547012550945510e-01 9.999978999285845660e-01
3.960204306140440167e-01 1.000015424272890030e+00
4.032762617453045095e-01 1.000044356302364212e+00
4.123237018056897796e-01 1.000039399524683015e+00
4.164544753812151612e-01 9.999999833889552381e-01
4.237092448047405924e-01 1.000048840457595345e+00
4.327579943046657718e-01 1.000071819100509574e+00
4.368884204968708218e-01 9.999900383539880311e-01
4.441422273985153879e-01 1.000062289047821684e+00
4.531923869208185351e-01 1.000037831061319382e+00
4.573222659610109986e-01 1.000039557597893092e+00
4.645752104579514707e-01 9.999731357154294509e-01
4.736266794197945273e-01 1.000045513121056606e+00
4.777563116595047177e-01 9.999571976040306787e-01
4.850082941002256121e-01 9.999430185503505042e-01
4.940608713359324611e-01 9.999238888759022226e-01
4.981902577064829529e-01 9.999977444414716032e-01
5.054411775081462110e-01 1.000041186920955116e+00
5.144952634864239371e-01 9.999837981234077633e-01
5.258741610332435812e-01 1.000026600456312087e+00
5.349295559853999293e-01 9.998962962537881749e-01
5.390581502661007107e-01 1.000083498155284412e+00
5.463072446755177225e-01 1.000022142107938938e+00
5.553637479015378631e-01 1.000018024620745072e+00
5.594920967787402333e-01 1.000011107611693539e+00
5.667401285490996088e-01 1.000034218569790800e+00
5.757980399348525680e-01 9.999379654988966859e-01
5.799260437570410431e-01 1.000052841397364833e+00
5.871732126570350374e-01 9.999478487818649342e-01
